R,G,B,Class
80,84,86,r
81,84,86,r
81,85,87,r
82,85,88,r
83,87,90,r
84,88,91,r
85,89,92,r
86,89,92,r
86,89,93,r
87,89,93,r
87,89,93,r
89,89,94,r
89,89,94,r
89,89,93,r
80,84,86,r
81,84,86,r
81,84,87,r
81,85,88,r
83,87,90,r
84,88,91,r
85,89,92,r
86,89,93,r
86,89,93,r
87,89,93,r
88,89,93,r
89,89,94,r
89,89,94,r
89,89,93,r
80,84,86,r
81,84,87,r
81,84,87,r
82,85,88,r
83,87,90,r
84,88,91,r
85,89,92,r
86,89,93,r
86,89,93,r
87,89,93,r
88,89,93,r
88,89,94,r
89,89,94,r
89,89,93,r
80,84,86,r
81,84,87,r
81,85,87,r
82,85,88,r
83,87,90,r
84,88,91,r
85,89,92,r
86,89,93,r
86,89,93,r
87,89,93,r
88,89,94,r
88,89,94,r
89,89,94,r
89,89,93,r
81,84,86,r
81,85,87,r
81,85,87,r
82,86,88,r
83,87,90,r
84,88,91,r
85,89,92,r
86,89,93,r
87,90,93,r
87,89,93,r
88,89,94,r
88,89,94,r
89,89,93,r
89,89,93,r
70,49,49,e
69,49,48,e
69,48,48,e
69,48,48,e
69,48,47,e
70,48,47,e
70,49,48,e
70,49,48,e
71,49,48,e
71,49,49,e
72,49,49,e
72,49,49,e
72,49,49,e
72,49,49,e
72,48,48,e
73,48,47,e
73,48,46,e
74,48,46,e
74,48,45,e
75,49,45,e
76,49,45,e
69,49,49,e
69,49,48,e
69,48,48,e
69,48,48,e
69,48,47,e
70,48,47,e
70,49,48,e
71,49,48,e
71,49,48,e
71,49,49,e
72,49,49,e
72,49,49,e
72,49,49,e
72,49,48,e
72,48,48,e
73,48,47,e
73,48,46,e
74,48,46,e
74,48,45,e
75,48,45,e
75,49,44,e
69,49,48,e
69,49,48,e
69,49,48,e
69,48,48,e
69,48,47,e
70,49,47,e
70,49,48,e
71,49,48,e
71,49,48,e
72,49,49,e
72,49,49,e
72,49,49,e
72,49,49,e
72,49,48,e
72,49,48,e
73,48,47,e
73,48,46,e
74,48,46,e
74,48,45,e
75,48,45,e
75,49,45,e
69,49,48,e
69,49,48,e
69,49,48,e
70,49,48,e
70,49,48,e
70,49,48,e
70,49,48,e
71,49,48,e
71,49,49,e
72,50,49,e
72,50,49,e
72,50,49,e
72,49,49,e
72,49,48,e
72,49,48,e
73,49,47,e
73,49,47,e
74,49,46,e
74,48,45,e
75,49,45,e
75,49,45,e
69,49,48,e
69,49,48,e
69,49,48,e
70,49,48,e
70,49,48,e
70,49,48,e
70,49,48,e
71,49,48,e
71,49,49,e
72,50,49,e
72,50,49,e
72,50,49,e
72,49,49,e
72,49,48,e
72,49,48,e
73,49,47,e
73,49,47,e
74,49,46,e
74,48,45,e
75,49,45,e
75,49,45,e
102,50,57,s
102,49,56,s
103,49,55,s
103,49,54,s
103,49,53,s
103,49,53,s
103,49,52,s
103,49,52,s
103,49,52,s
102,49,52,s
102,49,52,s
102,49,52,s
102,49,53,s
102,49,53,s
102,49,53,s
102,50,54,s
102,50,54,s
102,50,54,s
102,50,54,s
102,51,54,s
102,51,54,s
103,52,55,s
103,52,55,s
103,53,55,s
103,53,55,s
103,50,58,s
103,49,56,s
103,49,55,s
103,49,54,s
103,49,53,s
103,49,53,s
103,49,52,s
103,49,52,s
103,49,52,s
102,49,52,s
102,49,52,s
102,49,52,s
102,49,53,s
102,49,53,s
102,49,53,s
102,50,54,s
102,50,54,s
102,50,54,s
102,50,54,s
102,51,54,s
102,51,55,s
102,52,55,s
103,52,55,s
103,52,55,s
103,53,55,s
103,50,57,s
103,49,56,s
103,49,55,s
103,49,54,s
103,49,54,s
104,49,53,s
103,49,52,s
103,49,52,s
103,49,52,s
102,49,52,s
102,50,53,s
102,50,53,s
102,50,53,s
102,50,53,s
102,50,54,s
102,50,54,s
102,50,54,s
102,50,54,s
102,51,54,s
102,51,55,s
102,51,55,s
102,52,55,s
102,52,55,s
103,52,55,s
103,53,55,s
103,49,57,s
103,49,56,s
104,49,55,s
103,49,55,s
104,49,54,s
104,49,53,s
104,49,53,s
103,49,52,s
103,50,52,s
103,50,53,s
102,50,53,s
102,50,53,s
102,50,53,s
102,50,54,s
102,50,54,s
102,50,54,s
102,50,55,s
102,50,55,s
102,51,55,s
102,51,55,s
102,52,55,s
102,52,55,s
102,52,55,s
102,53,55,s
102,53,56,s
103,49,57,s
103,49,56,s
104,50,55,s
104,50,55,s
104,49,54,s
104,49,53,s
104,49,53,s
103,49,52,s
103,50,52,s
103,50,53,s
102,50,53,s
102,50,53,s
102,50,53,s
102,50,54,s
102,50,54,s
102,50,54,s
102,50,55,s
102,51,55,s
102,51,55,s
102,51,55,s
102,52,55,s
102,52,55,s
102,53,55,s
102,53,56,s
102,53,56,s
206,191,169,r
206,191,170,r
206,191,170,r
206,191,170,r
206,191,171,r
206,191,171,r
206,191,172,r
206,191,172,r
205,190,169,r
205,190,169,r
206,191,170,r
206,191,170,r
206,191,171,r
206,191,171,r
206,191,171,r
206,191,172,r
205,190,169,r
205,190,169,r
205,190,169,r
206,191,170,r
206,191,171,r
206,191,171,r
205,191,171,r
206,191,171,r
205,189,168,r
205,190,169,r
205,190,169,r
205,190,170,r
205,191,170,r
205,191,171,r
205,190,171,r
205,190,171,r
204,189,168,r
204,189,168,r
205,190,169,r
205,190,169,r
205,190,170,r
205,190,171,r
205,190,171,r
205,190,171,r
203,188,167,r
204,189,168,r
204,189,168,r
204,190,169,r
205,190,170,r
205,190,170,r
205,190,171,r
205,190,171,r
203,187,167,r
203,188,167,r
204,189,168,r
204,189,169,r
204,189,169,r
204,189,170,r
205,190,170,r
205,189,171,r
203,187,166,r
203,188,167,r
203,188,167,r
204,189,168,r
204,189,169,r
204,189,169,r
204,189,170,r
204,189,170,r
203,187,166,r
203,188,166,r
203,188,167,r
203,189,168,r
204,189,168,r
204,189,169,r
204,189,169,r
204,189,170,r
203,187,166,r
203,188,166,r
203,188,167,r
203,188,168,r
203,189,168,r
203,189,169,r
204,189,169,r
204,189,170,r
208,196,176,e
208,195,175,e
208,194,173,e
208,193,171,e
209,192,170,e
209,191,168,e
210,190,166,e
211,189,164,e
211,188,162,e
212,185,159,e
212,178,150,e
206,152,124,e
200,123,96,e
200,118,92,e
200,117,91,e
200,117,92,e
201,119,93,e
202,120,95,e
203,121,96,e
204,122,97,e
205,123,98,e
206,124,99,e
206,125,99,e
206,125,99,e
206,126,100,e
207,126,100,e
207,126,100,e
207,126,100,e
206,126,99,e
206,126,99,e
205,125,98,e
204,125,97,e
204,124,97,e
203,123,96,e
202,122,95,e
201,121,95,e
200,120,95,e
200,120,95,e
200,119,95,e
199,119,96,e
198,119,97,e
197,122,101,e
197,134,116,e
204,164,145,e
209,183,163,e
209,188,167,e
208,189,168,e
207,190,169,e
207,191,171,e
206,192,172,e
206,192,173,e
205,193,174,e
205,193,174,e
204,192,174,e
204,192,174,e
204,191,174,e
205,192,175,e
205,191,174,e
204,189,172,e
203,187,170,e
202,187,168,e
202,187,168,e
203,187,168,e
203,187,168,e
203,187,167,e
203,186,167,e
203,186,167,e
203,186,167,e
204,187,168,e
204,187,168,e
205,188,168,e
205,188,169,e
206,188,169,e
207,188,168,e
207,187,167,e
207,187,167,e
208,187,167,e
209,187,167,e
210,187,166,e
209,182,160,e
208,171,146,e
202,143,116,e
200,124,98,e
201,120,94,e
202,119,94,e
203,118,93,e
203,118,93,e
203,117,92,e
204,116,91,e
204,116,91,e
205,116,91,e
205,115,91,e
206,115,91,e
206,115,90,e
205,114,90,e
205,114,91,e
204,114,91,e
204,114,91,e
203,114,92,e
202,115,93,e
201,115,94,e
200,116,95,e
199,117,96,e
196,120,100,e
194,127,106,e
195,148,125,e
201,174,152,e
204,181,161,e
205,183,163,e
205,184,164,e
205,184,164,e
205,185,165,e
205,186,166,e
205,186,166,e
205,186,167,e
205,187,167,e
205,187,168,e
205,188,168,e
205,188,168,e
204,187,167,e
205,188,167,e
205,188,168,e
205,188,168,e
205,188,168,e
204,188,168,e
204,188,167,e
204,188,168,e
204,188,168,e
204,188,168,e
203,188,167,e
203,188,168,e
203,188,168,e
202,188,168,e
202,188,169,e
202,188,169,e
202,188,169,e
202,188,170,e
203,188,169,e
203,188,169,e
204,188,169,e
204,188,169,e
204,188,168,e
204,188,167,e
205,188,167,e
205,184,162,e
199,164,143,e
176,124,107,e
142,78,70,e
134,67,62,e
133,64,60,e
131,61,59,e
130,60,59,e
130,60,59,e
129,60,59,e
129,59,59,e
129,59,59,e
128,58,59,e
128,58,59,e
128,58,59,e
128,58,60,e
128,58,60,e
128,58,60,e
128,57,60,e
128,57,60,e
128,57,60,e
128,57,59,e
129,57,59,e
129,56,59,e
129,56,59,e
129,56,60,e
129,57,61,e
129,57,61,e
129,57,62,e
129,58,63,e
207,196,176,e
208,195,174,e
208,194,172,e
208,193,171,e
209,192,170,e
209,191,168,e
210,190,165,e
211,189,164,e
211,187,162,e
212,184,158,e
211,175,146,e
206,149,121,e
200,123,97,e
200,117,92,e
200,117,91,e
200,118,92,e
201,119,93,e
202,121,95,e
203,122,96,e
204,123,97,e
205,123,98,e
206,124,99,e
206,125,99,e
206,126,99,e
206,126,100,e
207,126,100,e
207,126,100,e
207,126,100,e
206,126,99,e
206,126,99,e
205,125,98,e
204,125,97,e
204,124,97,e
203,123,96,e
202,122,95,e
201,121,95,e
201,120,95,e
200,120,95,e
200,120,95,e
199,120,96,e
199,120,97,e
197,122,101,e
197,134,115,e
205,165,146,e
210,185,164,e
210,190,169,e
209,190,170,e
207,191,170,e
207,192,172,e
207,193,173,e
206,193,174,e
206,193,174,e
205,193,175,e
205,193,175,e
204,192,174,e
205,193,175,e
206,193,176,e
206,192,175,e
205,190,173,e
204,188,171,e
202,187,169,e
202,186,167,e
203,187,168,e
203,187,168,e
203,186,167,e
202,186,166,e
202,186,166,e
203,186,167,e
204,187,168,e
204,187,168,e
204,187,168,e
205,187,168,e
206,187,168,e
206,187,167,e
207,187,167,e
207,186,166,e
207,186,165,e
208,186,165,e
209,184,163,e
208,179,156,e
206,163,137,e
201,135,107,e
201,122,97,e
202,119,94,e
202,118,94,e
203,118,93,e
203,118,93,e
204,117,92,e
204,116,91,e
204,116,91,e
205,116,91,e
205,115,91,e
206,115,91,e
206,115,90,e
205,115,90,e
205,114,91,e
204,114,91,e
204,114,91,e
203,114,92,e
202,115,93,e
201,115,94,e
200,116,95,e
198,117,96,e
196,120,99,e
193,126,105,e
193,142,120,e
199,169,146,e
203,180,159,e
204,183,163,e
204,184,164,e
204,184,164,e
205,185,165,e
205,185,166,e
205,186,166,e
205,186,167,e
205,187,167,e
205,187,167,e
205,187,168,e
205,188,168,e
205,187,167,e
205,188,167,e
205,188,168,e
205,188,168,e
205,188,168,e
204,188,167,e
204,188,167,e
204,188,168,e
204,188,168,e
203,188,167,e
203,188,167,e
203,188,167,e
203,188,168,e
202,188,168,e
202,188,169,e
202,188,169,e
202,188,169,e
202,188,169,e
203,188,170,e
203,188,169,e
203,188,169,e
204,188,169,e
204,187,168,e
204,188,167,e
205,187,166,e
205,184,162,e
201,167,145,e
170,116,100,e
141,78,69,e
134,66,61,e
132,63,60,e
131,61,59,e
130,60,58,e
130,60,59,e
129,59,59,e
129,59,59,e
128,58,59,e
128,58,59,e
128,58,59,e
128,58,59,e
128,58,59,e
128,57,59,e
128,57,59,e
128,57,59,e
128,57,59,e
128,57,59,e
128,57,59,e
128,56,59,e
129,56,59,e
129,56,59,e
129,56,59,e
129,56,60,e
129,57,61,e
129,57,61,e
129,58,63,e
207,196,176,e
208,195,174,e
208,194,172,e
208,193,171,e
209,192,169,e
209,191,167,e
210,189,165,e
211,188,163,e
211,187,161,e
212,183,156,e
211,172,144,e
202,138,110,e
199,121,95,e
199,118,92,e
200,118,92,e
200,118,93,e
201,120,94,e
202,120,95,e
203,122,96,e
204,123,97,e
205,124,98,e
206,124,99,e
206,125,99,e
206,126,100,e
206,126,100,e
207,127,100,e
207,127,100,e
207,127,100,e
206,126,99,e
206,126,99,e
205,126,98,e
204,125,97,e
204,124,96,e
203,123,96,e
202,122,95,e
201,121,95,e
201,120,95,e
200,120,95,e
200,120,95,e
200,120,96,e
199,120,97,e
198,121,100,e
198,133,114,e
207,170,151,e
210,184,163,e
210,190,169,e
210,192,171,e
209,193,172,e
208,193,173,e
207,193,174,e
207,194,175,e
206,194,175,e
206,194,175,e
205,193,175,e
206,193,176,e
206,194,177,e
206,193,176,e
207,193,176,e
206,192,175,e
205,190,173,e
204,188,171,e
203,187,169,e
203,187,168,e
203,187,168,e
203,187,167,e
203,187,168,e
203,187,167,e
204,187,168,e
204,187,168,e
204,187,168,e
204,187,168,e
205,187,168,e
206,188,168,e
206,187,167,e
207,187,166,e
207,186,165,e
207,185,164,e
207,182,160,e
208,182,160,e
208,178,155,e
204,151,124,e
201,129,102,e
201,121,96,e
202,119,94,e
203,118,94,e
203,118,94,e
204,118,93,e
204,118,93,e
204,116,92,e
205,116,91,e
205,116,91,e
206,115,91,e
206,115,91,e
206,115,91,e
206,115,91,e
205,114,91,e
205,114,91,e
204,114,92,e
203,114,92,e
202,115,93,e
201,115,94,e
200,116,95,e
199,117,96,e
196,118,97,e
194,123,102,e
192,137,115,e
197,161,138,e
203,178,157,e
204,182,162,e
205,183,163,e
205,184,164,e
205,185,165,e
205,185,166,e
205,186,166,e
205,186,166,e
204,186,167,e
204,187,167,e
205,187,167,e
205,187,167,e
204,187,167,e
204,187,167,e
205,188,167,e
205,188,168,e
205,188,167,e
204,188,167,e
204,188,167,e
204,188,167,e
204,188,167,e
203,188,167,e
203,188,167,e
203,187,167,e
203,188,168,e
202,188,168,e
202,188,168,e
202,188,169,e
202,188,169,e
202,188,169,e
202,188,169,e
203,188,168,e
203,188,168,e
203,187,168,e
204,188,168,e
204,187,167,e
205,186,165,e
205,183,161,e
199,161,139,e
170,116,100,e
146,84,73,e
133,65,60,e
131,62,59,e
130,61,59,e
130,60,58,e
129,59,58,e
129,59,59,e
128,58,58,e
128,58,58,e
128,57,58,e
128,57,59,e
128,57,59,e
128,57,59,e
128,57,59,e
128,57,59,e
128,57,59,e
128,57,59,e
128,56,59,e
128,56,59,e
128,56,59,e
128,56,59,e
128,55,58,e
128,55,59,e
128,56,60,e
128,57,61,e
129,57,61,e
129,58,62,e
207,195,175,e
208,195,174,e
208,194,173,e
208,193,171,e
209,192,169,e
209,191,168,e
210,189,165,e
211,188,163,e
211,187,161,e
212,183,155,e
210,169,141,e
200,131,104,e
198,119,93,e
199,118,92,e
200,118,93,e
201,120,94,e
201,120,95,e
202,120,95,e
203,121,96,e
204,123,98,e
205,124,98,e
206,125,99,e
206,126,100,e
206,126,100,e
207,127,100,e
207,127,100,e
207,127,100,e
206,127,100,e
206,127,99,e
206,126,99,e
205,126,98,e
204,125,97,e
203,124,97,e
203,123,96,e
202,122,95,e
201,121,96,e
201,121,95,e
200,120,95,e
200,120,95,e
200,119,95,e
199,119,96,e
198,122,100,e
201,141,122,e
210,175,155,e
212,187,166,e
212,192,170,e
211,194,172,e
210,195,174,e
209,195,174,e
208,195,175,e
208,195,176,e
207,195,176,e
206,194,176,e
206,194,177,e
207,195,178,e
207,195,178,e
208,195,179,e
208,195,179,e
208,194,178,e
207,192,176,e
206,191,174,e
205,189,171,e
204,188,170,e
203,188,169,e
204,188,170,e
205,190,172,e
205,189,171,e
205,189,171,e
205,189,170,e
205,188,170,e
205,188,169,e
205,188,169,e
207,189,170,e
207,189,169,e
207,188,168,e
207,186,166,e
207,184,163,e
207,182,161,e
209,183,161,e
209,179,156,e
206,156,129,e
201,128,101,e
202,121,96,e
203,119,95,e
204,119,94,e
204,118,94,e
205,118,94,e
205,118,93,e
205,117,92,e
205,116,92,e
206,116,91,e
206,116,91,e
206,115,91,e
206,115,91,e
206,115,91,e
206,115,91,e
205,114,91,e
204,114,92,e
203,115,92,e
203,115,93,e
202,115,94,e
201,116,95,e
199,116,96,e
198,117,96,e
195,120,100,e
193,135,114,e
196,157,134,e
202,175,153,e
204,181,160,e
205,183,163,e
204,183,163,e
205,184,164,e
205,185,165,e
205,186,166,e
205,186,166,e
204,186,167,e
204,187,167,e
204,187,167,e
204,187,167,e
204,187,167,e
204,187,167,e
204,187,167,e
205,187,167,e
204,187,167,e
204,187,167,e
204,187,167,e
204,187,167,e
204,188,167,e
203,187,167,e
203,187,167,e
203,187,167,e
203,187,168,e
202,187,168,e
202,187,168,e
202,187,168,e
202,188,168,e
202,188,168,e
202,188,168,e
203,187,168,e
203,187,167,e
203,187,167,e
204,187,167,e
204,187,166,e
204,185,163,e
205,180,157,e
197,156,135,e
171,116,100,e
140,76,68,e
132,63,59,e
130,60,58,e
130,60,58,e
129,59,58,e
129,59,58,e
128,58,58,e
128,58,58,e
127,57,58,e
127,57,58,e
127,57,58,e
127,57,58,e
127,57,59,e
127,56,59,e
127,56,59,e
127,56,59,e
127,56,58,e
127,56,58,e
127,55,58,e
128,55,58,e
128,55,58,e
128,55,58,e
128,55,58,e
128,55,59,e
128,56,60,e
128,57,61,e
128,58,62,e
207,195,175,e
208,195,174,e
208,194,173,e
209,193,171,e
209,192,170,e
209,191,168,e
210,190,165,e
211,189,164,e
212,187,161,e
212,182,155,e
209,167,138,e
199,129,102,e
198,119,93,e
198,118,92,e
199,118,93,e
200,120,94,e
201,121,95,e
201,120,95,e
203,122,97,e
204,124,98,e
205,124,99,e
206,125,99,e
206,126,100,e
206,127,100,e
207,127,100,e
207,127,100,e
207,127,100,e
206,127,100,e
206,127,99,e
205,127,99,e
205,126,98,e
204,125,98,e
203,124,97,e
203,123,96,e
202,122,96,e
201,121,96,e
201,121,96,e
201,120,95,e
200,120,95,e
200,120,96,e
199,120,97,e
198,123,102,e
201,143,124,e
210,176,156,e
213,190,168,e
213,193,171,e
212,195,173,e
211,195,175,e
210,196,175,e
209,196,176,e
209,196,177,e
208,196,177,e
208,196,178,e
208,196,178,e
208,196,179,e
210,198,182,e
211,199,184,e
211,198,183,e
209,195,180,e
207,193,177,e
207,192,175,e
207,193,176,e
206,191,173,e
205,190,172,e
206,191,174,e
207,191,174,e
207,192,175,e
207,192,175,e
207,192,175,e
206,191,173,e
206,190,172,e
207,190,171,e
208,191,173,e
208,191,172,e
208,190,171,e
209,190,170,e
208,188,168,e
209,187,166,e
211,187,166,e
211,182,159,e
208,162,136,e
203,132,105,e
204,123,98,e
204,120,95,e
205,119,95,e
205,118,94,e
206,118,94,e
206,118,93,e
206,117,92,e
206,116,92,e
207,116,92,e
207,116,91,e
207,116,91,e
207,115,91,e
206,115,91,e
206,115,91,e
205,115,91,e
205,115,92,e
204,115,93,e
203,115,93,e
202,116,94,e
201,116,95,e
200,117,96,e
198,117,97,e
196,120,100,e
193,129,108,e
196,155,132,e
200,171,148,e
204,180,159,e
204,182,161,e
204,183,162,e
204,184,164,e
205,185,165,e
204,185,165,e
204,186,166,e
204,186,166,e
204,186,167,e
204,186,167,e
204,187,167,e
204,187,167,e
204,186,166,e
204,187,167,e
204,187,167,e
204,187,167,e
204,187,167,e
204,187,167,e
204,187,167,e
204,187,167,e
203,187,167,e
203,187,167,e
203,187,167,e
203,187,167,e
202,187,167,e
202,187,167,e
202,187,168,e
202,187,168,e
202,188,168,e
202,187,167,e
202,187,167,e
203,187,167,e
203,187,166,e
203,187,166,e
204,186,165,e
204,185,162,e
204,180,157,e
196,155,134,e
167,111,95,e
136,70,64,e
131,62,59,e
129,60,58,e
129,59,58,e
128,59,58,e
128,58,58,e
127,58,58,e
127,57,58,e
127,57,58,e
126,56,58,e
126,56,58,e
126,56,58,e
126,56,58,e
126,56,58,e
126,56,58,e
127,55,58,e
127,55,58,e
127,55,58,e
127,55,57,e
127,54,57,e
127,54,57,e
127,54,57,e
127,54,58,e
127,55,59,e
127,55,59,e
128,56,60,e
128,57,61,e
207,195,175,e
208,194,174,e
208,194,172,e
208,193,171,e
209,192,170,e
209,192,168,e
210,190,166,e
211,189,164,e
212,187,161,e
212,182,154,e
210,166,138,e
200,128,101,e
198,119,93,e
199,118,92,e
200,119,93,e
200,119,94,e
201,120,95,e
202,122,97,e
203,123,97,e
204,124,99,e
205,125,99,e
206,126,100,e
206,126,100,e
206,127,101,e
207,128,101,e
207,128,101,e
206,128,100,e
206,127,100,e
206,127,99,e
205,127,99,e
205,126,99,e
204,125,98,e
203,124,97,e
203,123,96,e
202,122,95,e
201,121,96,e
201,121,95,e
200,120,95,e
200,120,95,e
200,120,96,e
199,120,97,e
198,125,104,e
200,140,122,e
210,174,154,e
214,188,167,e
214,194,172,e
213,195,174,e
212,196,175,e
211,196,176,e
210,197,177,e
210,197,178,e
210,198,180,e
209,198,180,e
208,197,179,e
209,197,180,e
211,200,184,e
213,201,187,e
211,200,185,e
209,196,181,e
207,194,178,e
207,193,177,e
208,194,178,e
209,195,180,e
208,194,179,e
207,193,176,e
207,192,175,e
207,193,176,e
208,193,177,e
208,194,177,e
208,194,177,e
208,193,176,e
208,192,175,e
209,193,175,e
210,193,176,e
210,193,175,e
210,192,173,e
210,190,171,e
211,191,170,e
212,190,170,e
213,186,163,e
210,165,139,e
205,134,107,e
205,123,98,e
205,120,96,e
206,119,95,e
207,119,95,e
207,119,94,e
207,118,94,e
207,117,93,e
207,117,92,e
208,116,92,e
208,116,92,e
208,116,92,e
207,115,91,e
207,115,91,e
207,115,91,e
206,115,92,e
205,115,92,e
204,115,93,e
203,115,94,e
202,116,95,e
201,116,96,e
200,117,97,e
198,118,98,e
196,122,101,e
194,131,110,e
195,148,126,e
200,169,147,e
204,181,160,e
204,182,161,e
204,183,162,e
204,184,163,e
204,185,164,e
204,185,165,e
204,186,166,e
204,186,166,e
204,186,166,e
204,186,166,e
203,186,166,e
203,186,166,e
203,186,166,e
203,186,166,e
204,186,166,e
204,186,166,e
204,186,166,e
204,186,166,e
204,186,166,e
203,187,166,e
203,187,166,e
203,187,166,e
203,187,166,e
203,187,167,e
202,187,167,e
202,187,167,e
201,187,167,e
201,187,167,e
201,187,167,e
202,187,167,e
202,187,166,e
202,187,166,e
202,187,166,e
202,186,165,e
203,185,163,e
203,184,161,e
203,180,156,e
197,157,135,e
166,110,94,e
135,69,63,e
130,60,58,e
129,60,58,e
128,59,58,e
128,58,58,e
127,58,57,e
127,57,57,e
127,57,57,e
126,56,57,e
126,56,57,e
126,55,57,e
126,55,57,e
125,55,57,e
126,55,57,e
126,55,57,e
126,55,57,e
126,54,57,e
126,54,57,e
126,54,57,e
126,54,57,e
127,54,57,e
127,54,57,e
127,54,57,e
127,54,58,e
127,55,59,e
127,55,59,e
127,56,60,e
207,195,175,e
207,194,174,e
208,194,172,e
208,193,171,e
209,192,170,e
210,192,169,e
210,191,166,e
211,189,163,e
212,187,161,e
213,182,154,e
209,164,135,e
200,128,101,e
198,119,93,e
199,118,92,e
200,119,93,e
200,120,94,e
201,122,96,e
202,123,97,e
203,124,98,e
204,125,99,e
205,126,100,e
206,126,100,e
206,127,101,e
206,128,101,e
207,128,101,e
207,128,101,e
206,128,100,e
206,127,100,e
205,127,99,e
205,127,99,e
204,126,99,e
204,125,98,e
203,124,97,e
202,123,96,e
202,122,96,e
201,121,95,e
201,121,95,e
200,120,95,e
200,120,95,e
200,119,96,e
199,120,98,e
198,125,105,e
200,137,119,e
207,162,143,e
213,186,165,e
214,193,171,e
213,196,174,e
212,196,175,e
212,197,177,e
211,198,178,e
211,199,180,e
211,199,181,e
210,199,181,e
209,198,181,e
210,199,182,e
211,200,185,e
212,201,186,e
212,201,187,e
211,199,184,e
210,197,182,e
209,196,180,e
210,196,181,e
210,197,182,e
210,196,182,e
208,194,179,e
207,193,177,e
207,193,177,e
208,194,178,e
208,194,178,e
208,194,178,e
208,194,177,e
209,194,177,e
210,195,178,e
211,195,178,e
211,194,177,e
211,193,175,e
211,191,172,e
212,191,171,e
214,192,172,e
214,189,166,e
212,171,145,e
206,136,109,e
206,124,99,e
206,121,96,e
207,120,96,e
208,119,95,e
208,119,95,e
208,118,94,e
208,117,93,e
208,117,93,e
209,116,92,e
209,116,92,e
208,116,92,e
208,116,92,e
208,115,91,e
207,115,92,e
206,115,92,e
205,115,92,e
204,115,93,e
204,115,94,e
202,116,95,e
201,117,96,e
200,118,97,e
198,119,99,e
196,124,103,e
194,134,112,e
196,151,128,e
202,177,155,e
204,183,162,e
204,183,163,e
204,183,163,e
204,184,163,e
204,184,164,e
204,185,165,e
204,185,165,e
203,185,165,e
203,186,166,e
203,186,166,e
203,186,166,e
203,185,165,e
203,185,165,e
203,185,165,e
203,185,165,e
203,185,166,e
203,186,166,e
204,186,166,e
203,186,166,e
203,186,166,e
203,186,166,e
203,186,166,e
203,186,166,e
202,186,166,e
202,186,166,e
202,186,166,e
201,187,166,e
201,187,166,e
201,187,166,e
201,187,166,e
201,187,166,e
201,186,165,e
202,186,165,e
202,186,164,e
202,185,163,e
202,183,160,e
202,177,154,e
195,153,132,e
167,112,95,e
136,69,63,e
130,61,58,e
129,59,58,e
128,59,57,e
128,58,57,e
127,57,57,e
127,57,57,e
126,56,57,e
126,55,57,e
125,55,57,e
125,55,57,e
125,54,57,e
125,54,56,e
125,54,56,e
125,54,56,e
125,54,56,e
125,54,56,e
125,53,56,e
126,53,56,e
126,53,56,e
126,53,56,e
126,53,56,e
126,53,57,e
126,53,57,e
126,54,58,e
126,54,58,e
126,55,59,e
207,195,175,e
207,194,173,e
208,194,172,e
208,193,170,e
209,192,169,e
209,192,168,e
210,191,167,e
211,189,164,e
212,187,160,e
213,183,155,e
210,165,136,e
199,127,101,e
198,119,93,e
198,118,92,e
199,119,94,e
201,122,96,e
201,123,97,e
202,123,97,e
203,124,98,e
205,126,100,e
205,126,101,e
206,127,101,e
206,127,101,e
206,128,101,e
207,128,101,e
207,128,101,e
206,128,101,e
206,128,100,e
205,127,100,e
205,127,99,e
204,126,98,e
204,125,98,e
203,124,97,e
202,123,96,e
202,122,96,e
201,121,95,e
201,121,95,e
200,120,95,e
200,119,95,e
200,119,96,e
199,121,98,e
199,124,104,e
200,136,118,e
208,163,144,e
215,187,166,e
215,194,172,e
214,196,175,e
213,197,176,e
212,197,177,e
212,199,179,e
211,200,181,e
212,201,183,e
211,201,183,e
211,201,184,e
212,202,186,e
213,202,187,e
214,203,189,e
216,205,193,e
216,205,193,e
215,204,191,e
213,201,187,e
212,199,185,e
211,198,184,e
210,197,182,e
210,197,182,e
209,196,181,e
209,196,181,e
209,196,182,e
209,196,181,e
209,195,180,e
209,194,178,e
209,195,178,e
210,195,178,e
211,195,178,e
211,194,177,e
211,195,177,e
211,193,174,e
212,192,172,e
214,192,171,e
215,189,166,e
212,173,148,e
207,139,112,e
207,125,100,e
208,122,97,e
208,120,96,e
209,119,95,e
209,119,95,e
209,118,94,e
209,118,94,e
209,117,93,e
209,116,93,e
209,116,92,e
209,116,92,e
209,115,92,e
208,115,92,e
208,115,92,e
207,115,92,e
206,115,93,e
205,115,93,e
204,115,94,e
202,116,95,e
201,117,96,e
199,118,98,e
197,121,100,e
195,125,104,e
194,136,114,e
199,169,145,e
203,179,157,e
204,182,161,e
204,183,162,e
204,184,163,e
204,184,163,e
204,184,164,e
203,185,164,e
203,185,165,e
203,185,165,e
203,185,165,e
203,185,165,e
202,185,165,e
202,185,165,e
203,185,165,e
203,185,165,e
203,185,165,e
203,185,165,e
203,185,165,e
203,185,165,e
203,185,165,e
203,186,165,e
203,186,165,e
203,186,165,e
203,186,165,e
202,186,165,e
202,186,165,e
201,186,166,e
201,186,166,e
201,187,166,e
201,187,166,e
201,187,165,e
201,186,165,e
201,186,165,e
201,186,164,e
201,186,164,e
201,185,162,e
202,183,159,e
202,177,153,e
194,151,130,e
166,110,94,e
136,69,63,e
130,60,58,e
128,58,57,e
128,58,57,e
127,57,57,e
127,57,57,e
126,56,56,e
126,55,56,e
125,55,56,e
125,54,56,e
124,54,56,e
124,54,56,e
124,54,56,e
124,53,56,e
124,53,56,e
125,53,56,e
125,53,56,e
125,53,56,e
125,52,55,e
125,52,55,e
126,52,56,e
126,52,56,e
126,53,56,e
126,53,57,e
126,53,57,e
126,54,58,e
126,54,59,e
207,195,175,e
207,194,173,e
208,194,172,e
208,193,170,e
209,192,169,e
210,192,168,e
210,191,167,e
211,190,165,e
213,187,161,e
214,182,155,e
210,164,135,e
199,127,101,e
198,119,93,e
198,117,91,e
199,120,94,e
201,122,96,e
202,123,98,e
202,124,98,e
203,125,99,e
205,126,100,e
206,127,101,e
206,127,101,e
206,128,101,e
206,128,101,e
206,128,101,e
207,129,101,e
207,129,101,e
206,128,100,e
205,128,100,e
205,127,99,e
204,126,98,e
203,125,98,e
203,124,97,e
202,123,96,e
202,122,96,e
201,121,95,e
201,120,95,e
200,120,95,e
200,119,96,e
200,120,96,e
200,121,99,e
200,127,108,e
205,153,135,e
215,183,162,e
217,194,172,e
216,196,174,e
215,197,175,e
214,197,176,e
213,199,179,e
213,200,180,e
212,201,182,e
212,201,183,e
213,203,186,e
215,205,189,e
217,207,193,e
219,208,195,e
222,212,200,e
229,219,208,e
233,223,213,e
231,221,211,e
225,214,204,e
222,210,199,e
220,208,196,e
215,202,190,e
213,200,187,e
213,200,187,e
214,202,190,e
215,204,192,e
215,203,190,e
211,198,184,e
210,197,181,e
211,197,181,e
211,197,180,e
212,196,180,e
211,195,178,e
211,195,177,e
212,194,176,e
213,193,173,e
214,191,170,e
214,186,163,e
212,170,144,e
207,141,114,e
207,126,101,e
208,122,98,e
209,120,96,e
209,120,95,e
209,119,95,e
209,118,94,e
210,118,94,e
210,117,93,e
210,116,93,e
210,116,92,e
209,116,92,e
209,115,92,e
209,115,92,e
208,115,92,e
207,115,92,e
206,115,93,e
205,115,93,e
204,115,94,e
202,116,95,e
201,117,96,e
199,118,97,e
197,120,100,e
194,127,105,e
194,147,124,e
200,172,149,e
203,180,158,e
204,183,161,e
204,183,162,e
204,184,163,e
203,184,163,e
203,184,163,e
203,184,164,e
203,185,164,e
203,185,165,e
203,185,165,e
202,185,165,e
202,185,165,e
202,185,165,e
202,184,165,e
203,185,165,e
203,184,165,e
203,185,165,e
203,185,165,e
203,185,165,e
203,185,165,e
203,185,165,e
203,185,165,e
203,185,165,e
202,186,165,e
202,186,165,e
202,186,165,e
201,186,165,e
201,186,165,e
200,186,165,e
200,187,165,e
200,186,165,e
200,186,164,e
200,186,164,e
200,186,163,e
200,185,163,e
201,185,162,e
202,183,160,e
202,178,154,e
194,152,131,e
165,108,92,e
134,66,60,e
130,60,57,e
128,58,57,e
127,57,56,e
127,57,56,e
127,56,56,e
126,56,56,e
125,55,56,e
125,54,56,e
124,54,56,e
124,54,56,e
124,54,56,e
124,54,56,e
124,53,56,e
124,53,56,e
124,53,55,e
125,52,55,e
125,52,55,e
125,52,55,e
125,52,55,e
125,52,55,e
125,52,55,e
125,52,56,e
125,53,57,e
125,53,57,e
126,53,58,e
126,54,59,e
207,195,175,e
207,194,173,e
207,194,172,e
208,193,170,e
209,192,169,e
210,192,168,e
210,191,166,e
211,190,165,e
213,188,161,e
213,182,155,e
209,161,132,e
200,129,103,e
198,120,94,e
199,118,92,e
199,119,94,e
201,122,96,e
202,124,98,e
203,125,99,e
204,126,100,e
205,127,101,e
206,128,102,e
206,128,101,e
206,128,101,e
206,128,101,e
206,129,101,e
207,129,101,e
207,129,101,e
206,128,100,e
205,128,100,e
205,127,99,e
204,126,98,e
203,125,98,e
203,124,97,e
202,123,96,e
202,122,96,e
201,121,96,e
201,121,96,e
200,120,96,e
200,120,96,e
200,120,97,e
200,122,100,e
202,139,120,e
216,179,159,e
219,195,173,e
218,198,176,e
216,198,176,e
215,197,175,e
214,198,177,e
213,199,179,e
213,200,181,e
214,202,184,e
215,204,187,e
216,206,190,e
225,215,202,e
231,221,209,e
232,222,211,e
239,229,219,e
242,233,223,e
243,234,224,e
244,235,225,e
241,231,222,e
240,230,220,e
241,231,222,e
240,229,219,e
234,223,214,e
232,221,212,e
230,219,211,e
235,224,216,e
233,222,213,e
226,214,204,e
225,214,202,e
220,207,194,e
217,204,190,e
218,205,190,e
217,202,187,e
214,199,182,e
212,196,179,e
213,195,177,e
214,194,174,e
215,188,165,e
211,167,141,e
207,136,109,e
208,125,100,e
209,123,99,e
209,121,97,e
209,120,96,e
209,119,95,e
210,119,95,e
210,118,94,e
210,117,93,e
210,116,93,e
210,116,92,e
210,116,92,e
209,115,92,e
209,115,92,e
208,115,92,e
207,115,92,e
206,115,93,e
205,115,93,e
204,115,94,e
202,116,95,e
201,117,96,e
199,118,97,e
197,121,100,e
194,127,106,e
194,145,122,e
199,170,146,e
203,180,158,e
203,182,160,e
203,182,161,e
203,183,162,e
203,183,163,e
203,184,163,e
203,184,164,e
203,185,164,e
203,185,165,e
203,185,165,e
202,185,165,e
202,185,165,e
202,184,164,e
202,184,165,e
202,184,165,e
203,184,165,e
203,184,165,e
203,185,165,e
203,185,165,e
203,185,165,e
203,185,165,e
203,185,165,e
203,185,165,e
202,185,165,e
202,186,165,e
202,186,165,e
201,186,165,e
201,186,165,e
200,186,165,e
200,186,165,e
200,186,165,e
200,186,164,e
200,186,164,e
200,185,163,e
200,185,162,e
201,184,161,e
202,183,159,e
202,178,154,e
196,155,134,e
163,106,91,e
132,63,59,e
129,59,57,e
128,58,56,e
127,57,56,e
127,57,56,e
127,56,56,e
126,56,56,e
125,55,56,e
125,54,56,e
124,54,56,e
124,54,56,e
124,54,56,e
124,53,56,e
124,53,56,e
124,53,55,e
124,53,55,e
124,52,55,e
125,52,55,e
125,52,55,e
125,52,55,e
125,52,55,e
125,52,55,e
125,52,56,e
125,52,56,e
125,53,57,e
126,53,58,e
126,54,59,e
110,50,53,r
110,49,52,r
110,48,52,r
111,48,51,r
111,47,51,r
111,47,51,r
111,47,51,r
111,47,51,r
111,47,52,r
111,47,52,r
110,48,52,r
110,48,52,r
110,48,51,r
110,49,51,r
110,50,51,r
110,50,51,r
110,50,51,r
110,49,53,r
110,48,52,r
110,48,52,r
111,48,51,r
111,47,51,r
111,47,51,r
111,47,51,r
111,47,51,r
111,47,52,r
111,47,52,r
110,48,52,r
110,48,52,r
110,48,51,r
110,49,51,r
110,49,51,r
110,50,51,r
110,50,51,r
110,49,53,r
110,48,52,r
110,48,51,r
111,48,51,r
111,47,51,r
111,47,51,r
111,47,51,r
111,47,51,r
111,47,52,r
111,47,52,r
110,48,52,r
110,48,52,r
110,48,51,r
110,49,51,r
110,49,51,r
110,50,51,r
110,50,51,r
110,50,53,r
110,48,52,r
110,48,51,r
111,47,51,r
111,47,51,r
111,47,51,r
111,47,51,r
111,47,51,r
111,47,52,r
111,47,52,r
110,48,52,r
110,48,52,r
110,48,51,r
110,49,51,r
110,49,51,r
110,50,51,r
110,51,51,r
110,50,53,r
110,49,52,r
110,48,51,r
111,47,51,r
111,47,51,r
111,47,51,r
111,47,51,r
111,47,51,r
111,47,52,r
111,47,52,r
110,48,52,r
110,48,52,r
110,48,51,r
110,49,51,r
110,49,51,r
110,50,51,r
110,50,51,r
110,49,53,r
110,49,52,r
111,48,51,r
111,48,51,r
111,47,51,r
111,47,51,r
111,47,51,r
111,47,51,r
111,47,52,r
111,47,52,r
110,48,52,r
110,48,52,r
110,48,51,r
110,49,51,r
110,49,51,r
110,50,51,r
110,50,51,r
110,49,53,r
110,49,52,r
111,48,52,r
111,48,51,r
111,47,51,r
111,47,51,r
111,47,51,r
111,47,51,r
111,47,52,r
111,47,52,r
110,48,52,r
110,48,52,r
110,48,51,r
110,49,51,r
110,50,51,r
110,50,51,r
110,50,50,r
110,54,61,e
110,53,60,e
110,52,59,e
109,52,59,e
109,51,58,e
109,50,56,e
108,50,56,e
108,50,55,e
108,50,55,e
107,50,54,e
107,50,54,e
107,50,54,e
107,50,54,e
106,51,54,e
106,51,55,e
106,51,55,e
106,51,55,e
106,51,56,e
106,51,56,e
106,51,57,e
106,51,57,e
107,52,58,e
107,53,58,e
107,53,58,e
108,54,59,e
110,54,61,e
110,53,60,e
110,52,59,e
109,52,59,e
109,51,57,e
109,50,56,e
108,50,56,e
108,50,55,e
108,50,55,e
107,50,54,e
107,50,54,e
107,50,54,e
107,50,54,e
106,51,54,e
106,51,54,e
106,51,55,e
106,51,55,e
106,51,55,e
106,51,56,e
106,51,56,e
106,51,57,e
106,52,57,e
106,52,58,e
107,53,58,e
108,55,59,e
110,53,61,e
110,53,60,e
110,52,59,e
109,51,58,e
109,51,57,e
108,50,56,e
108,50,55,e
108,50,55,e
108,50,54,e
107,50,54,e
107,50,54,e
107,50,54,e
107,50,54,e
106,50,54,e
106,50,54,e
106,50,55,e
106,50,55,e
106,50,55,e
106,50,56,e
106,51,56,e
106,51,56,e
106,51,57,e
106,52,57,e
107,53,58,e
107,53,58,e
110,53,61,e
110,52,60,e
109,52,59,e
109,51,58,e
109,51,57,e
108,50,56,e
108,50,55,e
108,50,55,e
108,50,54,e
107,50,54,e
107,50,54,e
107,50,54,e
107,50,54,e
106,50,54,e
106,50,54,e
106,50,54,e
106,50,55,e
106,50,55,e
106,50,55,e
106,50,56,e
106,51,56,e
106,51,56,e
106,52,57,e
106,52,57,e
107,53,58,e
110,53,61,e
110,52,60,e
109,51,59,e
109,51,58,e
109,50,57,e
108,50,56,e
108,50,55,e
108,50,54,e
108,50,54,e
107,50,54,e
107,50,54,e
107,50,54,e
107,50,54,e
106,50,54,e
106,50,54,e
106,50,54,e
106,50,54,e
106,50,55,e
106,50,55,e
106,50,55,e
106,51,56,e
106,51,56,e
106,52,57,e
106,52,57,e
107,53,58,e
110,53,60,e
110,52,59,e
109,51,58,e
109,51,58,e
109,50,57,e
108,50,56,e
108,50,55,e
108,50,54,e
107,50,54,e
107,50,54,e
107,50,53,e
107,50,53,e
106,50,53,e
106,50,54,e
106,50,54,e
106,50,54,e
106,50,54,e
106,50,55,e
106,50,55,e
106,50,55,e
106,51,56,e
106,51,56,e
106,52,57,e
106,52,57,e
107,53,58,e
110,53,60,e
110,52,59,e
109,51,58,e
109,51,58,e
109,50,57,e
109,50,56,e
108,50,55,e
108,50,54,e
108,50,54,e
107,50,54,e
107,50,53,e
107,50,53,e
106,50,53,e
106,50,54,e
106,50,54,e
106,50,54,e
106,50,54,e
106,50,55,e
106,50,55,e
106,50,55,e
106,51,56,e
106,51,56,e
106,51,57,e
106,52,57,e
107,52,57,e
60,64,95,s
58,63,95,s
58,63,96,s
57,62,96,s
57,62,96,s
57,63,97,s
58,63,97,s
58,63,97,s
58,63,97,s
59,63,98,s
59,64,99,s
59,64,99,s
60,64,100,s
61,65,101,s
61,66,101,s
62,66,102,s
62,66,102,s
63,67,103,s
64,67,104,s
64,68,105,s
65,68,105,s
66,69,106,s
68,70,106,s
69,71,107,s
70,71,107,s
59,63,95,s
58,63,95,s
58,63,95,s
58,62,96,s
57,62,96,s
57,62,97,s
58,63,97,s
58,63,97,s
58,63,97,s
58,63,98,s
59,64,99,s
59,64,99,s
60,64,100,s
60,65,100,s
61,65,101,s
62,66,102,s
62,66,102,s
63,67,103,s
64,67,104,s
64,68,104,s
65,68,105,s
66,69,106,s
68,70,106,s
69,70,106,s
70,71,107,s
59,63,95,s
58,63,95,s
58,63,95,s
58,62,96,s
57,62,96,s
57,62,96,s
57,63,97,s
58,63,97,s
58,63,97,s
58,63,98,s
59,63,98,s
59,64,99,s
60,64,100,s
60,65,100,s
61,65,101,s
61,66,101,s
62,66,102,s
63,67,103,s
64,67,104,s
64,68,104,s
65,68,105,s
66,69,106,s
67,69,106,s
68,70,106,s
69,70,107,s
58,63,95,s
58,63,95,s
58,62,95,s
57,62,95,s
57,62,96,s
57,62,96,s
57,62,97,s
58,63,97,s
58,63,97,s
58,63,98,s
59,63,98,s
59,64,99,s
60,64,100,s
60,64,100,s
61,65,101,s
61,66,101,s
62,66,102,s
63,67,103,s
63,67,103,s
64,68,104,s
65,68,105,s
66,69,105,s
67,69,106,s
68,70,106,s
69,70,106,s
58,63,95,s
58,63,95,s
58,62,95,s
57,62,95,s
57,62,96,s
57,62,96,s
57,62,97,s
58,63,97,s
58,63,97,s
58,63,98,s
59,63,98,s
59,64,99,s
60,64,99,s
60,64,100,s
61,65,101,s
61,65,101,s
62,66,102,s
63,66,103,s
63,67,103,s
64,67,104,s
65,68,105,s
66,68,105,s
67,69,106,s
68,69,106,s
69,70,106,s
58,63,95,s
58,63,95,s
58,62,95,s
57,62,95,s
57,62,96,s
57,62,96,s
57,62,97,s
58,63,97,s
58,63,97,s
58,63,98,s
59,63,98,s
59,64,99,s
60,64,99,s
60,64,100,s
60,65,101,s
61,65,101,s
62,66,102,s
62,66,102,s
63,67,103,s
64,67,104,s
65,68,104,s
66,68,105,s
67,69,105,s
67,69,106,s
68,70,106,s
58,63,95,s
58,62,95,s
58,62,95,s
57,62,96,s
57,62,96,s
57,62,96,s
57,62,97,s
58,63,97,s
58,63,97,s
58,63,98,s
59,63,98,s
59,64,99,s
60,64,99,s
60,64,100,s
60,65,101,s
61,65,101,s
62,66,102,s
62,66,102,s
63,67,103,s
64,67,104,s
65,68,104,s
66,68,105,s
67,69,105,s
67,69,106,s
68,69,106,s
96,70,69,e
92,67,66,e
91,67,66,e
90,67,66,e
89,67,67,e
89,68,68,e
89,67,68,e
88,67,68,e
88,67,69,e
89,68,69,e
89,68,69,e
90,68,69,e
90,68,69,e
91,68,68,e
92,68,68,e
93,68,68,e
94,68,69,e
95,68,69,e
95,68,68,e
95,68,69,e
94,68,67,e
92,66,66,e
91,66,66,e
89,66,66,e
89,66,66,e
88,67,67,e
88,67,68,e
88,67,68,e
88,67,68,e
89,68,69,e
89,68,69,e
90,68,69,e
90,68,68,e
91,68,68,e
92,67,68,e
93,68,68,e
94,68,68,e
94,68,68,e
95,68,68,e
95,68,68,e
93,66,66,e
92,66,65,e
90,66,65,e
89,66,66,e
89,66,66,e
88,67,67,e
88,67,67,e
88,67,68,e
88,67,68,e
89,67,68,e
89,68,69,e
90,68,69,e
90,68,68,e
91,67,68,e
92,67,68,e
93,67,68,e
94,67,68,e
94,67,68,e
94,67,68,e
95,68,68,e
93,65,65,e
91,65,65,e
91,65,65,e
90,66,66,e
89,66,66,e
89,66,66,e
88,67,67,e
88,67,67,e
88,67,68,e
89,67,68,e
89,68,68,e
90,68,68,e
90,67,68,e
91,67,68,e
92,67,68,e
93,67,68,e
93,67,68,e
94,67,68,e
94,67,68,e
95,67,68,e
93,65,65,e
91,65,65,e
91,65,65,e
90,65,65,e
89,66,66,e
89,66,66,e
88,66,67,e
88,66,67,e
89,67,67,e
89,67,68,e
89,67,68,e
90,67,68,e
90,67,67,e
91,67,68,e
92,66,67,e
93,66,67,e
93,67,68,e
94,67,68,e
94,67,68,e
95,67,68,e
92,64,64,e
91,64,64,e
91,65,65,e
90,65,65,e
90,65,66,e
89,66,66,e
89,66,66,e
89,66,66,e
89,66,67,e
89,67,67,e
89,67,67,e
90,66,67,e
90,66,67,e
91,66,67,e
92,66,67,e
93,66,67,e
94,66,67,e
94,66,67,e
94,67,67,e
95,67,67,e
92,64,64,e
91,64,64,e
91,65,64,e
90,65,65,e
90,65,65,e
89,65,65,e
89,65,66,e
89,66,66,e
89,66,66,e
89,66,67,e
89,66,67,e
90,66,67,e
91,66,67,e
91,66,67,e
92,65,67,e
93,66,67,e
94,66,67,e
94,66,67,e
94,66,67,e
95,66,67,e
92,64,63,e
91,64,64,e
91,64,64,e
90,65,65,e
90,65,65,e
89,65,65,e
89,65,65,e
89,65,66,e
89,66,66,e
89,66,66,e
90,66,66,e
90,66,66,e
91,65,66,e
92,65,66,e
92,65,66,e
93,65,66,e
93,65,66,e
94,65,66,e
94,65,67,e
94,66,67,e
92,64,63,e
91,64,64,e
91,64,64,e
90,64,64,e
89,64,64,e
89,64,65,e
89,65,65,e
89,65,65,e
89,65,66,e
89,66,66,e
90,66,66,e
91,65,66,e
91,65,66,e
92,65,66,e
92,65,66,e
93,65,66,e
93,65,66,e
94,65,66,e
94,65,66,e
94,65,67,e
92,64,63,e
92,64,64,e
91,64,64,e
90,64,64,e
89,64,64,e
89,64,64,e
89,65,65,e
89,65,65,e
89,65,65,e
89,65,66,e
90,65,66,e
91,65,66,e
91,65,66,e
92,65,66,e
93,64,66,e
93,64,66,e
94,65,66,e
94,65,66,e
94,65,66,e
94,65,67,e
92,64,63,e
92,64,63,e
91,64,64,e
90,64,64,e
90,64,64,e
89,64,64,e
89,65,65,e
89,65,65,e
89,65,65,e
89,65,66,e
90,65,66,e
91,65,66,e
91,65,66,e
92,64,66,e
93,64,65,e
93,64,65,e
94,65,66,e
94,65,66,e
94,64,66,e
94,65,67,e
224,218,146,s
226,219,146,s
227,221,147,s
228,222,147,s
230,224,148,s
231,225,149,s
231,225,149,s
231,225,149,s
230,224,149,s
230,224,149,s
230,224,150,s
230,223,151,s
230,223,151,s
230,223,152,s
230,223,152,s
230,224,153,s
231,224,154,s
232,226,155,s
234,227,157,s
235,229,158,s
236,231,160,s
239,234,163,s
241,237,166,s
243,240,170,s
247,246,178,s
248,248,182,s
247,247,182,s
246,246,184,s
246,245,187,s
233,230,187,s
205,198,181,s
199,190,182,s
199,190,183,s
199,190,184,s
199,190,184,s
199,190,185,s
199,190,186,s
199,190,187,s
200,190,188,s
200,191,190,s
201,192,192,s
204,195,195,s
213,206,207,s
238,236,238,s
250,250,251,s
252,253,253,s
252,253,253,s
252,253,253,s
253,254,253,s
253,254,253,s
253,254,253,s
253,254,252,s
253,254,252,s
252,254,252,s
252,254,252,s
251,254,252,s
250,254,251,s
250,253,251,s
249,253,252,s
247,253,252,s
243,252,252,s
210,229,248,s
159,180,220,s
113,130,196,s
99,117,192,s
95,114,188,s
96,116,191,s
98,119,196,s
97,120,198,s
97,121,200,s
96,119,198,s
95,118,199,s
95,119,201,s
96,121,203,s
96,123,205,s
95,122,204,s
94,120,201,s
93,119,199,s
91,115,193,s
87,109,185,s
85,107,181,s
84,104,177,s
83,102,173,s
83,102,170,s
83,101,169,s
83,101,168,s
83,101,167,s
84,102,166,s
86,103,165,s
90,106,165,s
224,218,145,s
226,219,146,s
227,220,146,s
228,222,147,s
230,224,148,s
231,225,149,s
232,226,149,s
231,225,149,s
230,224,149,s
230,224,149,s
230,223,150,s
230,223,150,s
230,223,151,s
230,223,152,s
230,223,152,s
230,223,153,s
231,224,154,s
232,226,155,s
233,227,157,s
234,228,158,s
236,231,160,s
239,234,162,s
240,236,164,s
243,241,171,s
247,246,178,s
248,247,182,s
248,247,183,s
248,247,186,s
247,247,188,s
237,234,188,s
204,196,181,s
199,191,182,s
199,190,183,s
200,191,184,s
200,191,185,s
199,190,185,s
200,191,186,s
200,191,187,s
200,191,189,s
201,192,191,s
202,193,193,s
207,199,199,s
227,223,225,s
249,249,249,s
251,252,252,s
252,253,253,s
252,253,253,s
252,253,253,s
253,254,253,s
253,254,253,s
253,254,253,s
253,254,252,s
253,254,252,s
252,254,252,s
252,254,252,s
251,254,252,s
251,254,251,s
250,254,251,s
249,253,252,s
247,253,252,s
242,251,252,s
214,232,249,s
156,177,218,s
108,126,194,s
97,116,189,s
95,114,187,s
96,116,192,s
97,119,197,s
98,121,200,s
98,122,203,s
97,120,200,s
96,119,200,s
96,120,201,s
96,122,204,s
96,123,206,s
96,123,205,s
95,121,203,s
93,119,200,s
89,113,190,s
87,109,186,s
85,106,180,s
83,104,176,s
83,102,173,s
83,102,171,s
83,102,169,s
83,101,168,s
83,101,167,s
84,102,166,s
86,103,165,s
90,106,165,s
223,217,145,s
225,219,146,s
226,220,146,s
228,222,147,s
230,223,148,s
231,225,148,s
231,225,149,s
230,224,149,s
230,223,149,s
229,223,149,s
230,223,150,s
230,223,150,s
230,223,151,s
230,223,151,s
230,223,152,s
231,224,153,s
232,225,154,s
233,226,155,s
233,227,156,s
235,228,158,s
237,231,160,s
239,235,163,s
241,238,166,s
245,243,173,s
247,246,179,s
247,246,181,s
247,247,183,s
248,247,186,s
247,246,187,s
234,231,187,s
205,197,182,s
202,193,182,s
200,191,183,s
200,191,183,s
200,191,184,s
200,191,185,s
200,191,186,s
200,191,188,s
201,192,190,s
202,193,192,s
205,196,196,s
216,209,210,s
244,243,244,s
251,252,252,s
252,253,253,s
252,253,253,s
252,253,253,s
253,253,253,s
253,254,253,s
253,254,253,s
253,254,253,s
253,254,252,s
253,254,252,s
253,254,252,s
252,254,252,s
251,254,252,s
251,254,252,s
250,254,252,s
249,253,252,s
247,253,252,s
244,252,252,s
217,235,250,s
161,182,222,s
111,130,197,s
96,114,187,s
95,114,187,s
96,117,193,s
97,119,197,s
98,122,202,s
98,123,203,s
97,122,203,s
97,122,203,s
97,123,205,s
98,125,208,s
98,126,209,s
96,124,207,s
95,122,203,s
92,118,198,s
90,113,191,s
88,110,186,s
85,106,180,s
83,104,176,s
83,103,173,s
83,102,171,s
83,102,170,s
83,102,169,s
83,101,168,s
84,101,166,s
84,102,165,s
90,106,165,s
224,217,145,s
225,218,145,s
226,220,146,s
228,222,147,s
229,223,147,s
230,224,148,s
230,224,148,s
230,223,148,s
229,223,148,s
229,223,149,s
229,223,149,s
229,223,150,s
229,223,151,s
230,223,151,s
230,223,152,s
231,224,153,s
232,225,154,s
233,227,156,s
234,228,157,s
235,229,158,s
237,232,160,s
240,236,164,s
243,239,169,s
246,243,175,s
247,245,178,s
247,245,180,s
247,246,183,s
248,247,186,s
247,246,186,s
237,234,187,s
208,201,182,s
202,194,182,s
201,192,183,s
201,192,184,s
200,192,185,s
200,191,185,s
201,192,187,s
201,192,188,s
202,193,190,s
204,195,193,s
208,200,199,s
228,224,225,s
250,250,250,s
252,252,253,s
252,253,253,s
252,253,253,s
252,253,253,s
253,253,253,s
253,253,253,s
253,254,253,s
253,254,253,s
253,254,253,s
253,254,252,s
253,254,252,s
252,254,252,s
251,254,252,s
251,254,252,s
250,254,252,s
249,253,252,s
247,253,252,s
245,252,252,s
224,239,251,s
163,183,223,s
115,135,201,s
98,116,190,s
96,115,189,s
97,117,194,s
98,120,198,s
99,122,202,s
99,124,205,s
99,125,206,s
98,125,208,s
99,127,210,s
100,131,214,s
100,131,215,s
98,127,210,s
96,123,205,s
93,118,198,s
91,115,194,s
88,111,188,s
85,106,180,s
84,104,175,s
83,103,173,s
83,102,171,s
83,102,170,s
83,102,169,s
83,101,168,s
83,101,167,s
84,101,166,s
90,106,166,s
224,217,144,s
225,218,145,s
226,220,145,s
227,221,145,s
228,222,146,s
229,223,147,s
229,223,147,s
229,223,148,s
229,223,148,s
229,223,149,s
229,223,149,s
229,223,150,s
230,223,151,s
230,223,152,s
230,223,152,s
231,224,153,s
233,226,155,s
234,227,157,s
236,229,158,s
237,230,159,s
238,232,161,s
241,236,164,s
243,239,169,s
245,242,174,s
246,244,178,s
247,245,180,s
247,246,183,s
248,247,185,s
247,246,186,s
238,235,187,s
209,202,182,s
203,195,182,s
201,193,183,s
202,193,184,s
203,194,186,s
202,194,187,s
202,193,187,s
202,193,188,s
203,194,190,s
205,196,194,s
212,204,203,s
238,235,236,s
251,251,251,s
252,252,253,s
252,253,253,s
252,253,253,s
253,253,253,s
253,253,253,s
253,253,253,s
253,254,253,s
254,254,253,s
254,254,253,s
253,254,252,s
253,254,252,s
252,254,252,s
251,254,252,s
251,254,252,s
250,254,252,s
249,253,252,s
247,253,252,s
246,253,252,s
235,247,253,s
175,195,233,s
121,142,206,s
100,119,192,s
98,117,191,s
99,120,196,s
99,122,201,s
101,127,207,s
103,131,212,s
102,131,214,s
102,132,215,s
102,133,217,s
103,136,220,s
103,136,220,s
100,132,216,s
96,125,207,s
94,120,201,s
92,116,196,s
89,112,189,s
85,106,180,s
83,103,174,s
83,102,172,s
84,102,171,s
84,102,171,s
84,102,170,s
83,101,168,s
83,101,167,s
84,101,166,s
91,107,167,s
223,217,144,s
224,218,144,s
225,219,145,s
226,220,145,s
227,221,145,s
228,222,146,s
228,222,147,s
229,223,147,s
229,223,148,s
229,222,148,s
229,222,149,s
229,223,150,s
230,223,151,s
230,223,152,s
231,224,153,s
232,225,154,s
233,226,155,s
235,228,157,s
236,229,158,s
237,230,160,s
238,231,160,s
240,234,163,s
243,238,167,s
245,241,172,s
246,244,177,s
247,245,181,s
248,246,183,s
248,247,186,s
248,246,186,s
236,232,185,s
211,204,182,s
204,196,182,s
203,194,183,s
204,195,185,s
205,196,187,s
205,196,188,s
204,195,188,s
203,194,189,s
204,195,191,s
207,198,195,s
216,208,207,s
243,241,241,s
252,252,252,s
252,252,253,s
252,252,253,s
252,253,253,s
253,253,253,s
253,253,253,s
253,253,253,s
254,254,254,s
254,254,253,s
254,254,253,s
253,254,253,s
253,254,252,s
252,254,252,s
251,254,252,s
251,253,252,s
250,253,252,s
249,253,252,s
248,253,252,s
247,253,252,s
241,250,253,s
186,206,241,s
125,147,210,s
103,123,196,s
101,122,197,s
101,123,200,s
101,125,204,s
104,132,212,s
109,142,223,s
110,145,227,s
109,145,228,s
107,143,227,s
107,143,227,s
106,142,226,s
102,136,220,s
98,128,211,s
95,123,205,s
93,119,199,s
89,112,189,s
86,106,180,s
84,103,175,s
83,102,172,s
83,101,170,s
84,102,170,s
84,102,170,s
84,101,169,s
84,101,168,s
87,103,167,s
98,113,171,s
223,217,143,s
224,218,144,s
225,219,144,s
226,220,144,s
226,220,145,s
227,221,145,s
227,221,146,s
228,222,147,s
228,222,147,s
228,222,148,s
228,222,149,s
229,222,150,s
230,223,151,s
230,223,152,s
231,224,154,s
232,225,155,s
234,226,156,s
235,228,157,s
236,229,158,s
238,231,160,s
239,232,162,s
241,234,164,s
242,236,166,s
244,240,171,s
246,242,176,s
247,244,180,s
247,245,182,s
247,246,184,s
246,244,185,s
235,231,185,s
212,206,183,s
205,197,182,s
205,196,184,s
206,198,187,s
207,199,189,s
206,198,190,s
206,197,190,s
205,196,191,s
206,197,193,s
209,200,197,s
223,217,216,s
248,247,247,s
252,252,252,s
252,252,253,s
252,253,253,s
253,253,253,s
253,253,253,s
253,253,253,s
253,254,254,s
254,254,254,s
254,254,253,s
254,254,253,s
254,254,253,s
253,254,253,s
252,254,253,s
252,253,252,s
251,253,252,s
251,253,252,s
250,253,252,s
249,253,252,s
248,253,252,s
244,251,253,s
191,210,244,s
131,155,217,s
107,128,200,s
105,125,201,s
106,129,206,s
105,131,209,s
109,139,219,s
115,150,230,s
118,158,239,s
117,157,239,s
117,158,240,s
116,157,240,s
113,154,237,s
108,146,231,s
102,136,220,s
97,128,210,s
94,121,202,s
89,113,191,s
86,107,181,s
84,104,176,s
83,102,172,s
83,101,171,s
84,102,171,s
84,102,170,s
84,102,169,s
85,102,169,s
90,105,169,s
110,123,179,s
222,216,142,s
224,217,143,s
225,218,143,s
225,219,144,s
226,220,144,s
227,221,145,s
227,221,145,s
227,221,146,s
228,222,147,s
228,222,147,s
228,222,148,s
229,222,149,s
229,223,151,s
230,223,153,s
232,224,154,s
233,226,156,s
234,227,157,s
235,228,158,s
236,229,159,s
238,231,161,s
240,233,162,s
241,235,165,s
243,237,167,s
244,239,170,s
245,240,173,s
245,242,176,s
245,242,179,s
246,243,182,s
245,241,184,s
231,226,184,s
211,204,183,s
207,199,183,s
207,199,185,s
208,200,188,s
209,200,190,s
208,199,191,s
207,198,191,s
206,197,192,s
208,199,195,s
213,204,202,s
232,227,227,s
251,250,250,s
252,252,253,s
252,252,253,s
252,253,253,s
253,253,253,s
253,253,253,s
253,253,254,s
254,254,254,s
254,254,254,s
254,254,253,s
254,254,253,s
254,254,253,s
253,254,253,s
253,254,253,s
252,253,252,s
252,253,252,s
251,253,252,s
250,253,252,s
250,253,252,s
248,253,252,s
245,251,253,s
199,216,246,s
133,157,220,s
108,128,201,s
110,133,208,s
111,136,213,s
111,139,217,s
114,147,226,s
120,159,238,s
126,169,247,s
127,171,249,s
125,169,248,s
124,169,249,s
123,168,248,s
117,161,243,s
107,146,231,s
100,132,216,s
94,122,204,s
89,114,193,s
86,107,183,s
85,104,177,s
84,103,174,s
84,102,172,s
84,102,172,s
84,102,171,s
85,102,170,s
86,103,170,s
97,112,174,s
127,138,190,s
222,216,142,s
224,217,142,s
225,218,143,s
225,219,143,s
226,220,144,s
226,220,144,s
227,221,145,s
227,221,146,s
227,221,147,s
228,221,147,s
228,222,148,s
228,222,149,s
229,222,150,s
230,223,152,s
232,224,154,s
233,226,156,s
235,227,158,s
236,229,159,s
237,230,160,s
239,231,161,s
240,233,163,s
242,235,165,s
243,237,168,s
244,238,170,s
244,239,171,s
244,240,173,s
244,240,176,s
244,240,180,s
240,236,183,s
222,216,182,s
210,203,183,s
207,200,184,s
208,200,186,s
208,200,188,s
208,200,190,s
208,199,190,s
207,198,191,s
207,198,193,s
209,199,196,s
214,205,204,s
237,232,233,s
251,249,250,s
252,252,253,s
253,252,253,s
253,253,253,s
253,253,254,s
253,253,254,s
253,253,254,s
254,254,254,s
254,254,254,s
254,254,254,s
254,254,253,s
254,254,253,s
253,254,253,s
253,253,253,s
252,253,252,s
252,253,252,s
251,253,252,s
251,253,252,s
249,252,252,s
248,252,252,s
246,251,253,s
203,218,247,s
134,158,223,s
114,135,208,s
116,141,215,s
119,148,223,s
121,155,232,s
123,162,239,s
127,169,247,s
129,173,250,s
129,173,251,s
127,172,250,s
126,172,250,s
127,173,251,s
122,168,248,s
110,152,236,s
100,133,217,s
93,120,203,s
89,113,193,s
87,108,185,s
86,106,180,s
85,104,177,s
84,102,173,s
84,102,172,s
84,102,171,s
86,103,171,s
88,105,171,s
98,113,176,s
134,145,197,s
223,217,142,s
224,218,142,s
225,219,143,s
225,219,143,s
226,220,144,s
226,220,144,s
226,220,145,s
227,221,146,s
227,221,146,s
228,221,147,s
228,222,148,s
228,222,149,s
229,222,151,s
230,223,152,s
232,224,155,s
234,226,157,s
236,228,159,s
237,229,160,s
238,230,161,s
239,232,162,s
241,234,164,s
242,235,166,s
243,237,168,s
243,238,169,s
244,239,171,s
244,239,173,s
244,239,174,s
241,236,177,s
232,227,180,s
215,209,181,s
209,202,183,s
208,200,184,s
207,199,185,s
208,199,187,s
207,199,188,s
207,198,189,s
207,198,191,s
207,198,193,s
209,200,196,s
214,205,203,s
238,233,234,s
251,249,250,s
252,252,253,s
253,252,253,s
253,252,253,s
253,253,254,s
253,253,254,s
253,253,254,s
253,254,254,s
254,254,254,s
254,254,254,s
254,254,253,s
254,254,253,s
254,253,253,s
253,253,253,s
252,253,252,s
252,253,252,s
251,253,252,s
251,253,252,s
249,252,252,s
248,252,252,s
244,250,253,s
191,208,243,s
129,153,219,s
118,140,213,s
123,151,224,s
130,167,241,s
131,172,246,s
130,173,249,s
130,174,250,s
131,175,252,s
131,175,252,s
129,174,251,s
128,173,251,s
127,173,251,s
122,167,248,s
108,148,232,s
96,127,211,s
90,116,198,s
88,111,190,s
87,109,186,s
87,107,183,s
86,105,179,s
84,102,174,s
84,102,172,s
85,102,172,s
86,103,172,s
90,107,173,s
111,125,185,s
144,154,205,s
223,217,142,s
224,218,142,s
225,219,143,s
225,219,143,s
226,220,144,s
226,220,144,s
226,220,145,s
227,221,145,s
227,221,146,s
227,221,147,s
228,222,148,s
228,222,149,s
229,222,151,s
230,223,153,s
232,225,155,s
235,227,158,s
237,229,160,s
237,229,160,s
238,231,161,s
239,232,162,s
241,234,164,s
242,236,166,s
243,236,167,s
243,237,169,s
244,238,170,s
244,238,172,s
242,237,173,s
239,233,175,s
228,222,177,s
215,208,180,s
209,201,182,s
207,199,183,s
207,199,185,s
207,199,186,s
207,198,187,s
207,198,189,s
207,198,191,s
207,198,193,s
208,199,195,s
212,203,201,s
231,226,226,s
250,249,249,s
252,252,252,s
253,252,253,s
252,252,253,s
253,253,253,s
253,253,254,s
253,253,254,s
253,254,254,s
254,254,254,s
254,254,254,s
254,254,253,s
254,254,253,s
254,253,253,s
253,253,253,s
253,253,252,s
252,253,252,s
251,253,252,s
250,252,252,s
249,252,252,s
249,252,252,s
242,248,253,s
166,186,234,s
129,153,219,s
123,148,220,s
129,160,233,s
135,175,248,s
134,177,250,s
131,175,249,s
130,173,249,s
131,175,252,s
132,176,252,s
131,176,252,s
130,175,252,s
128,174,251,s
121,167,247,s
107,148,232,s
93,122,206,s
88,113,193,s
87,109,187,s
86,108,185,s
87,108,184,s
87,106,180,s
85,104,176,s
85,103,174,s
85,103,172,s
86,103,172,s
91,107,174,s
118,131,189,s
152,161,211,s
67,44,44,r
66,43,42,r
66,43,41,r
66,42,41,r
66,42,40,r
66,41,39,r
65,41,39,r
65,41,38,r
65,41,38,r
65,41,38,r
66,42,38,r
66,42,38,r
66,42,38,r
66,42,38,r
66,42,38,r
66,42,38,r
66,42,38,r
67,43,38,r
68,43,39,r
69,43,39,r
69,44,39,r
70,44,39,r
71,44,40,r
74,46,41,r
79,50,44,r
95,65,54,r
131,109,88,r
142,122,99,r
67,45,44,r
66,43,42,r
66,43,41,r
66,42,41,r
66,42,40,r
66,41,39,r
65,41,39,r
65,41,38,r
65,41,38,r
65,41,38,r
66,41,38,r
66,42,38,r
66,42,38,r
66,42,38,r
66,42,38,r
66,42,38,r
67,42,38,r
67,43,39,r
68,43,39,r
69,43,39,r
69,44,39,r
70,44,40,r
71,44,40,r
73,46,41,r
77,49,43,r
98,68,56,r
123,98,79,r
140,121,98,r
67,44,44,r
67,43,42,r
66,43,41,r
66,42,41,r
66,42,40,r
66,42,39,r
65,41,39,r
65,41,38,r
65,41,38,r
65,41,38,r
66,41,38,r
66,42,38,r
66,42,38,r
66,42,38,r
66,42,38,r
66,42,38,r
67,42,38,r
67,43,39,r
68,43,39,r
69,43,39,r
69,44,39,r
70,44,40,r
71,44,40,r
72,45,40,r
79,50,43,r
99,69,57,r
120,95,76,r
140,121,98,r
67,44,43,r
67,43,42,r
66,42,41,r
66,42,41,r
66,42,40,r
66,42,40,r
66,41,39,r
66,41,38,r
66,41,38,r
66,41,38,r
66,42,38,r
66,42,38,r
66,42,38,r
66,42,38,r
66,42,38,r
66,42,38,r
67,42,38,r
68,43,39,r
68,43,39,r
69,43,39,r
70,44,39,r
70,44,40,r
71,45,40,r
73,46,41,r
79,50,44,r
99,70,57,r
127,103,83,r
142,124,100,r
67,44,43,r
67,43,42,r
66,42,41,r
66,42,41,r
66,42,40,r
66,42,40,r
66,42,39,r
66,41,38,r
66,41,38,r
66,41,38,r
66,42,38,r
66,42,38,r
66,42,38,r
66,42,38,r
66,42,38,r
66,42,38,r
67,42,38,r
68,43,39,r
68,43,39,r
69,43,39,r
70,44,39,r
71,44,40,r
72,45,40,r
73,46,41,r
80,51,44,r
104,76,62,r
131,109,87,r
145,127,102,r
67,44,43,r
67,43,42,r
66,43,41,r
66,42,41,r
66,42,40,r
66,42,40,r
66,41,39,r
66,41,38,r
66,41,38,r
66,41,38,r
66,42,38,r
66,42,38,r
66,42,38,r
66,42,38,r
66,42,38,r
67,42,38,r
67,42,38,r
68,43,39,r
69,43,39,r
69,43,39,r
70,44,40,r
71,44,40,r
73,45,40,r
75,46,41,r
82,52,45,r
107,79,64,r
135,113,90,r
147,129,103,r
67,44,43,r
67,43,42,r
66,43,41,r
66,43,41,r
66,42,40,r
66,42,39,r
66,41,39,r
66,41,38,r
66,41,38,r
66,41,38,r
66,42,38,r
66,42,38,r
66,42,38,r
66,42,38,r
66,42,38,r
67,42,38,r
67,42,39,r
68,43,39,r
69,43,39,r
70,44,39,r
71,44,40,r
72,44,40,r
74,46,41,r
76,47,42,r
84,54,46,r
108,79,64,r
135,112,90,r
147,129,103,r
67,45,43,r
67,44,42,r
66,43,41,r
66,43,40,r
66,42,40,r
66,42,39,r
65,41,39,r
65,41,38,r
66,41,38,r
66,42,38,r
66,42,38,r
66,42,38,r
66,42,38,r
66,42,38,r
66,42,38,r
67,42,38,r
67,42,39,r
68,43,39,r
69,43,39,r
70,44,40,r
71,44,40,r
71,44,40,r
73,45,41,r
76,47,42,r
87,56,48,r
110,80,66,r
135,112,90,r
148,130,104,r
67,44,43,r
66,44,42,r
66,43,41,r
66,43,40,r
66,42,40,r
66,42,39,r
65,41,39,r
65,41,38,r
66,41,38,r
66,42,38,r
66,42,38,r
66,42,38,r
66,42,38,r
66,42,38,r
66,42,38,r
67,42,38,r
68,42,39,r
68,43,39,r
69,43,39,r
70,44,40,r
70,44,40,r
71,44,40,r
73,45,41,r
77,47,42,r
87,56,48,r
111,82,67,r
135,111,90,r
148,129,103,r
67,44,42,r
66,43,42,r
66,43,41,r
66,43,40,r
66,42,40,r
66,42,39,r
65,41,39,r
66,41,38,r
66,41,38,r
66,42,38,r
66,42,38,r
66,42,38,r
66,42,38,r
66,42,38,r
66,42,38,r
67,42,38,r
68,42,39,r
68,43,39,r
69,43,39,r
70,43,39,r
71,44,40,r
72,45,40,r
73,45,41,r
76,47,42,r
87,55,48,r
112,82,67,r
136,112,90,r
148,128,103,r
141,127,110,e
140,126,110,e
140,126,110,e
140,126,110,e
140,126,110,e
140,125,110,e
139,125,109,e
138,122,108,e
132,115,103,e
110,81,78,e
99,58,61,e
98,54,58,e
97,52,57,e
97,51,56,e
97,50,55,e
96,50,54,e
96,49,53,e
96,48,53,e
96,48,52,e
96,48,52,e
95,48,51,e
95,48,51,e
94,48,51,e
94,49,51,e
94,49,51,e
94,49,51,e
94,49,51,e
94,49,51,e
94,49,51,e
94,49,51,e
94,49,51,e
94,49,52,e
94,48,51,e
95,48,51,e
95,48,51,e
95,48,51,e
96,48,50,e
96,49,50,e
97,49,50,e
97,50,50,e
97,50,50,e
98,51,50,e
99,52,51,e
100,54,52,e
103,59,55,e
118,84,73,e
138,116,98,e
142,125,105,e
142,126,107,e
142,126,107,e
142,127,108,e
142,127,109,e
142,128,109,e
142,128,109,e
141,128,110,e
141,128,110,e
141,129,111,e
141,128,112,e
141,128,112,e
140,127,111,e
140,126,111,e
140,126,111,e
140,127,112,e
140,126,111,e
138,122,109,e
131,112,102,e
112,86,82,e
96,61,62,e
94,54,57,e
94,53,56,e
94,52,55,e
94,52,54,e
93,51,53,e
94,50,52,e
94,50,52,e
95,50,51,e
95,49,51,e
96,49,50,e
96,49,50,e
97,49,50,e
97,49,50,e
98,49,50,e
98,48,50,e
99,48,50,e
99,48,50,e
100,47,50,e
100,47,50,e
100,47,50,e
100,47,50,e
100,47,51,e
100,47,51,e
100,48,51,e
100,48,51,e
99,48,51,e
99,49,51,e
99,50,51,e
99,50,51,e
99,51,52,e
99,52,52,e
100,54,53,e
102,57,55,e
115,76,69,e
140,115,99,e
143,123,104,e
144,126,106,e
144,127,107,e
145,128,107,e
141,127,110,e
140,126,109,e
140,126,109,e
140,125,109,e
140,125,109,e
139,125,109,e
139,124,109,e
137,121,107,e
129,110,99,e
108,76,75,e
99,56,60,e
97,53,57,e
97,51,56,e
96,50,55,e
96,49,54,e
96,49,54,e
96,49,53,e
96,48,52,e
96,48,51,e
95,48,51,e
95,48,51,e
95,48,51,e
94,48,50,e
94,48,50,e
94,48,50,e
93,48,50,e
94,49,50,e
94,49,51,e
94,49,51,e
94,49,51,e
94,49,51,e
94,48,51,e
94,48,51,e
94,48,51,e
95,48,50,e
95,48,50,e
96,48,50,e
96,48,50,e
96,48,49,e
97,49,49,e
97,50,50,e
97,50,50,e
98,51,50,e
99,53,51,e
101,57,54,e
115,79,70,e
136,112,95,e
142,124,105,e
142,125,106,e
142,126,107,e
142,126,107,e
142,127,108,e
142,128,109,e
142,128,109,e
142,128,110,e
141,128,110,e
141,128,111,e
141,128,111,e
141,128,112,e
140,127,111,e
140,126,111,e
140,126,111,e
140,126,111,e
139,125,111,e
138,122,109,e
130,110,100,e
110,83,80,e
97,61,63,e
94,54,57,e
93,52,55,e
93,52,54,e
93,51,53,e
93,50,53,e
93,50,52,e
94,49,51,e
95,49,51,e
95,49,51,e
96,49,50,e
96,49,50,e
96,49,50,e
97,49,49,e
97,48,49,e
98,48,49,e
99,48,49,e
99,47,49,e
100,47,49,e
100,47,49,e
100,47,50,e
100,47,50,e
100,47,50,e
100,47,51,e
100,47,50,e
99,47,51,e
99,48,51,e
99,49,51,e
99,49,51,e
98,50,51,e
98,50,51,e
98,51,51,e
99,53,52,e
101,56,54,e
116,78,71,e
136,108,94,e
144,124,105,e
145,127,106,e
145,128,107,e
145,128,107,e
141,127,110,e
140,126,109,e
140,126,109,e
140,125,109,e
139,125,109,e
139,125,109,e
139,124,109,e
137,121,107,e
125,103,94,e
103,66,68,e
97,53,58,e
96,51,56,e
96,50,55,e
96,49,54,e
96,49,53,e
96,48,53,e
96,48,52,e
96,47,52,e
95,47,51,e
95,47,50,e
95,47,50,e
95,47,50,e
94,47,50,e
94,48,50,e
94,48,50,e
93,48,50,e
93,48,50,e
93,48,50,e
93,48,50,e
93,48,50,e
93,48,50,e
94,48,50,e
94,48,50,e
94,47,50,e
95,47,50,e
95,47,49,e
95,47,49,e
96,48,49,e
96,48,49,e
96,49,49,e
97,49,49,e
97,49,49,e
97,50,49,e
98,51,49,e
100,55,52,e
110,71,63,e
133,107,91,e
141,122,103,e
142,124,105,e
142,125,106,e
142,126,107,e
142,127,108,e
142,127,109,e
142,128,109,e
142,128,110,e
142,128,110,e
142,128,111,e
141,128,111,e
141,127,111,e
141,127,111,e
140,126,111,e
140,126,111,e
140,126,111,e
140,125,110,e
137,121,108,e
129,108,99,e
108,80,78,e
96,59,61,e
93,53,56,e
93,51,54,e
93,51,53,e
93,50,53,e
93,50,52,e
93,49,51,e
94,49,51,e
94,49,50,e
95,49,50,e
95,49,49,e
96,48,49,e
96,48,49,e
97,48,49,e
97,48,49,e
98,47,48,e
98,47,48,e
99,47,48,e
99,46,48,e
100,46,49,e
100,46,49,e
100,46,49,e
100,46,50,e
100,47,50,e
100,47,50,e
99,47,50,e
99,48,50,e
99,48,50,e
98,49,50,e
98,49,50,e
98,49,50,e
98,50,50,e
98,51,51,e
100,54,53,e
108,67,62,e
132,102,89,e
143,123,104,e
145,127,106,e
145,128,107,e
145,128,107,e
141,127,109,e
141,126,109,e
140,126,109,e
140,125,109,e
139,125,108,e
139,124,108,e
139,124,108,e
136,119,105,e
118,93,87,e
100,61,64,e
96,52,56,e
96,50,55,e
96,50,55,e
95,49,54,e
95,48,52,e
95,48,52,e
95,47,52,e
95,47,51,e
95,46,50,e
95,46,49,e
95,46,49,e
95,46,49,e
94,47,49,e
94,47,49,e
94,47,49,e
94,47,49,e
93,47,49,e
93,47,49,e
93,47,49,e
93,47,49,e
93,47,49,e
93,47,49,e
94,47,49,e
94,47,49,e
94,47,49,e
94,46,48,e
95,46,48,e
95,47,48,e
95,48,48,e
96,48,49,e
96,47,48,e
96,48,48,e
97,49,49,e
97,50,48,e
99,53,50,e
107,66,59,e
130,100,86,e
141,119,101,e
142,123,104,e
143,125,106,e
143,126,107,e
143,126,107,e
143,127,108,e
143,127,109,e
142,128,109,e
142,128,110,e
142,128,110,e
142,128,111,e
141,127,110,e
141,126,110,e
141,126,110,e
140,125,110,e
140,125,110,e
140,124,110,e
138,121,107,e
127,105,96,e
105,74,73,e
95,56,59,e
93,52,55,e
93,50,53,e
93,50,52,e
93,49,52,e
93,49,51,e
93,49,51,e
94,48,50,e
94,48,50,e
95,48,49,e
95,48,49,e
95,48,49,e
96,48,48,e
97,48,48,e
97,47,48,e
98,46,48,e
98,46,48,e
99,46,48,e
99,46,48,e
100,45,48,e
100,45,48,e
100,46,48,e
100,46,49,e
99,46,49,e
99,46,49,e
99,46,49,e
98,47,49,e
98,47,49,e
98,48,50,e
98,49,49,e
97,48,49,e
97,49,49,e
97,50,49,e
99,53,51,e
106,64,59,e
131,100,87,e
143,122,103,e
145,126,106,e
145,127,106,e
145,128,106,e
141,127,109,e
141,126,109,e
141,126,109,e
140,125,108,e
140,125,108,e
139,124,108,e
138,123,107,e
132,113,100,e
113,83,80,e
98,57,61,e
95,50,55,e
95,49,54,e
95,48,53,e
95,48,53,e
95,47,52,e
95,46,51,e
95,46,50,e
95,45,50,e
95,45,49,e
95,45,48,e
95,45,48,e
94,45,48,e
94,45,48,e
94,46,48,e
94,46,48,e
94,46,48,e
93,46,48,e
93,46,48,e
93,46,48,e
93,46,48,e
93,46,48,e
93,46,48,e
93,46,48,e
94,46,48,e
94,46,47,e
94,46,47,e
94,45,47,e
94,46,47,e
94,46,47,e
95,47,47,e
95,47,47,e
95,47,47,e
96,48,47,e
96,48,47,e
97,50,48,e
104,62,56,e
130,100,85,e
142,120,101,e
143,123,104,e
143,125,105,e
143,125,106,e
143,126,107,e
143,126,107,e
143,127,108,e
143,127,108,e
143,128,109,e
142,128,110,e
142,127,110,e
142,126,109,e
141,126,109,e
141,125,109,e
141,125,109,e
140,124,109,e
140,124,108,e
138,120,106,e
127,104,95,e
102,69,69,e
94,54,57,e
93,50,53,e
93,49,52,e
93,49,51,e
93,48,51,e
93,48,50,e
93,48,50,e
93,47,49,e
94,47,48,e
94,47,48,e
95,47,48,e
95,47,48,e
96,47,48,e
96,47,48,e
97,46,47,e
97,46,47,e
98,45,47,e
99,45,47,e
99,45,47,e
99,45,47,e
99,45,47,e
99,45,47,e
99,45,47,e
99,45,48,e
99,45,48,e
98,45,48,e
98,46,48,e
97,46,48,e
97,47,48,e
97,47,48,e
97,48,48,e
96,48,48,e
97,49,49,e
98,52,50,e
108,66,61,e
131,100,87,e
143,121,102,e
145,126,105,e
145,127,106,e
145,127,106,e
141,127,108,e
140,126,108,e
140,126,108,e
140,125,107,e
139,124,107,e
139,123,106,e
137,120,104,e
128,108,96,e
108,75,74,e
95,52,56,e
94,49,54,e
94,47,52,e
94,47,51,e
94,46,51,e
94,45,50,e
94,45,50,e
94,45,49,e
94,44,48,e
94,44,48,e
94,44,47,e
94,44,47,e
94,44,47,e
94,44,47,e
94,44,47,e
94,45,47,e
94,45,47,e
93,45,47,e
93,45,47,e
93,45,47,e
93,45,46,e
93,45,46,e
93,45,46,e
93,45,46,e
93,45,46,e
93,45,46,e
93,45,46,e
93,44,46,e
93,45,45,e
93,45,45,e
94,45,45,e
94,46,46,e
94,46,45,e
94,46,45,e
95,46,45,e
96,48,46,e
103,60,55,e
130,100,85,e
142,120,102,e
143,123,104,e
143,124,105,e
143,125,105,e
143,125,106,e
143,126,107,e
143,126,107,e
143,127,108,e
143,127,108,e
143,127,108,e
142,126,108,e
142,126,108,e
141,125,108,e
141,124,108,e
140,124,107,e
140,123,107,e
139,122,106,e
137,118,104,e
125,101,92,e
102,68,68,e
94,53,56,e
93,49,52,e
93,48,51,e
93,47,50,e
93,47,49,e
93,47,49,e
93,46,48,e
93,46,48,e
93,46,47,e
94,46,47,e
94,46,47,e
95,46,47,e
96,46,47,e
96,46,47,e
96,45,46,e
97,45,46,e
97,44,45,e
98,44,46,e
99,44,46,e
99,44,46,e
99,44,46,e
99,43,46,e
99,44,46,e
99,44,46,e
98,44,46,e
98,44,46,e
97,44,46,e
97,45,46,e
97,46,47,e
96,46,47,e
96,47,46,e
96,47,46,e
96,48,47,e
98,51,49,e
107,65,60,e
130,98,86,e
142,120,101,e
144,125,104,e
144,126,105,e
144,126,105,e
141,126,108,e
140,126,107,e
140,125,107,e
139,125,106,e
139,124,106,e
138,123,105,e
136,120,103,e
127,107,95,e
101,63,65,e
95,51,55,e
93,47,52,e
93,46,50,e
93,45,50,e
93,44,49,e
93,44,48,e
93,43,48,e
93,43,48,e
94,43,47,e
94,43,47,e
94,43,46,e
94,43,46,e
94,43,46,e
94,43,46,e
94,43,46,e
94,44,45,e
93,44,45,e
93,44,45,e
93,44,45,e
93,44,45,e
93,44,45,e
92,44,45,e
92,44,45,e
92,44,45,e
92,44,45,e
92,44,45,e
92,44,45,e
92,44,44,e
92,44,44,e
92,44,44,e
93,45,44,e
93,45,44,e
93,45,44,e
93,44,44,e
94,45,44,e
95,47,45,e
104,61,55,e
129,97,83,e
142,119,100,e
144,123,103,e
144,124,104,e
144,125,105,e
144,125,106,e
143,125,106,e
143,126,107,e
143,126,107,e
143,126,107,e
143,126,107,e
142,126,107,e
142,125,107,e
141,124,107,e
141,123,106,e
140,123,106,e
139,121,105,e
139,120,104,e
136,116,101,e
125,101,91,e
106,74,72,e
95,55,57,e
93,49,52,e
92,47,50,e
92,46,49,e
92,46,49,e
92,46,48,e
92,46,47,e
92,45,47,e
93,45,46,e
93,45,46,e
94,45,46,e
94,45,46,e
95,45,46,e
96,45,46,e
96,44,45,e
97,44,45,e
97,44,45,e
98,43,45,e
98,43,45,e
98,43,45,e
99,43,45,e
98,42,45,e
98,43,45,e
98,43,45,e
98,43,45,e
97,43,45,e
97,43,45,e
96,44,45,e
96,45,45,e
96,45,45,e
95,45,45,e
95,46,45,e
95,47,45,e
96,49,47,e
104,61,56,e
129,97,85,e
142,119,100,e
144,124,103,e
144,125,103,e
144,125,103,e
141,126,107,e
140,126,106,e
140,125,106,e
139,125,106,e
139,124,105,e
138,123,105,e
135,120,102,e
125,104,92,e
104,69,68,e
94,51,55,e
92,46,50,e
92,44,49,e
92,44,49,e
92,43,48,e
93,43,48,e
93,43,47,e
93,42,47,e
93,42,46,e
94,42,46,e
94,42,46,e
94,42,45,e
94,42,45,e
94,42,45,e
94,43,45,e
93,43,44,e
93,43,44,e
93,43,45,e
93,43,44,e
92,43,44,e
92,43,44,e
92,43,44,e
92,43,44,e
92,43,44,e
92,43,44,e
92,43,44,e
92,43,44,e
92,43,43,e
92,43,43,e
92,43,43,e
92,44,43,e
93,44,43,e
93,44,43,e
93,44,43,e
93,44,43,e
95,47,45,e
101,57,52,e
125,92,78,e
143,120,101,e
143,122,102,e
144,123,104,e
144,124,104,e
144,125,105,e
144,125,105,e
143,125,106,e
143,126,106,e
143,126,107,e
143,126,107,e
142,126,107,e
142,125,106,e
141,124,106,e
141,123,106,e
140,123,106,e
140,122,105,e
139,120,104,e
137,116,101,e
130,108,96,e
111,81,77,e
95,55,57,e
92,49,51,e
92,47,49,e
92,46,48,e
92,46,48,e
92,45,47,e
92,45,47,e
92,45,46,e
92,44,46,e
93,44,45,e
93,44,45,e
94,44,45,e
94,44,45,e
95,44,45,e
96,44,44,e
96,43,44,e
97,43,44,e
97,43,44,e
98,42,44,e
98,42,44,e
98,42,44,e
98,42,44,e
98,42,44,e
98,42,44,e
97,42,44,e
97,42,44,e
96,43,44,e
96,43,44,e
96,44,44,e
95,44,44,e
95,45,44,e
95,45,44,e
95,46,44,e
96,48,46,e
104,63,56,e
128,97,83,e
141,118,99,e
144,124,102,e
144,124,103,e
144,125,103,e
141,126,107,e
140,126,106,e
140,126,106,e
139,125,105,e
139,125,105,e
139,124,105,e
137,122,104,e
128,110,95,e
108,78,74,e
94,51,54,e
92,45,50,e
92,44,48,e
92,43,48,e
93,43,48,e
93,43,48,e
93,42,47,e
93,42,46,e
93,41,46,e
93,41,45,e
94,41,45,e
94,42,45,e
94,42,45,e
94,42,44,e
94,42,44,e
93,42,44,e
93,43,44,e
93,43,44,e
92,43,44,e
92,43,44,e
92,43,44,e
92,43,44,e
91,43,44,e
91,43,44,e
92,43,43,e
92,43,43,e
92,42,43,e
92,42,43,e
91,42,43,e
92,43,43,e
92,43,43,e
92,43,43,e
92,43,43,e
92,43,42,e
93,44,42,e
95,47,44,e
99,55,50,e
125,91,78,e
142,117,99,e
143,122,102,e
144,123,103,e
144,124,104,e
144,124,104,e
144,125,105,e
143,125,105,e
143,125,106,e
143,126,106,e
143,126,106,e
142,125,106,e
142,125,106,e
141,124,106,e
141,123,106,e
141,123,105,e
140,122,105,e
139,120,104,e
138,118,102,e
134,112,99,e
106,74,71,e
94,54,56,e
92,49,51,e
91,46,49,e
91,46,48,e
91,45,47,e
91,45,46,e
92,45,46,e
92,44,46,e
92,44,45,e
93,44,45,e
93,44,45,e
93,44,44,e
94,44,44,e
95,44,44,e
95,43,44,e
96,43,44,e
97,43,44,e
97,42,44,e
98,42,43,e
98,42,43,e
98,41,43,e
98,41,43,e
98,41,44,e
98,41,44,e
97,42,44,e
97,42,44,e
96,42,43,e
96,43,43,e
95,43,44,e
95,44,43,e
95,44,44,e
95,45,44,e
95,46,44,e
95,47,45,e
99,55,50,e
128,97,83,e
141,118,99,e
143,123,102,e
144,125,103,e
144,126,103,e
141,127,107,e
140,126,106,e
140,126,106,e
140,126,106,e
139,125,105,e
139,124,105,e
137,122,103,e
132,116,99,e
109,79,75,e
94,51,54,e
92,46,50,e
92,44,49,e
92,44,48,e
93,44,48,e
93,43,48,e
93,42,47,e
93,42,46,e
93,41,46,e
93,41,45,e
94,41,45,e
94,41,45,e
94,42,44,e
94,42,44,e
94,42,44,e
93,42,44,e
93,42,44,e
93,43,44,e
92,43,44,e
92,43,44,e
92,43,44,e
91,43,44,e
91,43,44,e
91,43,43,e
92,43,43,e
92,43,43,e
92,42,43,e
92,42,43,e
91,42,42,e
92,42,43,e
92,43,43,e
92,43,43,e
92,44,43,e
92,43,42,e
93,44,42,e
94,45,43,e
102,59,53,e
131,100,85,e
141,117,98,e
144,122,102,e
144,123,103,e
144,124,104,e
144,124,104,e
144,125,105,e
144,125,105,e
143,125,106,e
143,126,106,e
142,125,106,e
142,125,106,e
142,125,106,e
141,124,106,e
141,123,106,e
141,123,105,e
140,122,105,e
140,120,104,e
138,119,103,e
131,108,96,e
105,72,70,e
94,54,55,e
92,48,50,e
91,46,49,e
91,46,48,e
91,45,47,e
91,44,46,e
92,44,46,e
92,45,46,e
92,44,45,e
93,44,45,e
93,44,45,e
93,44,44,e
94,44,44,e
95,44,44,e
95,43,44,e
96,43,44,e
97,43,44,e
97,42,44,e
98,42,43,e
98,42,43,e
98,41,43,e
98,41,43,e
98,41,43,e
98,41,43,e
97,42,44,e
97,42,44,e
96,42,43,e
96,43,43,e
95,43,43,e
95,44,43,e
95,44,43,e
95,45,43,e
94,45,43,e
95,47,44,e
101,58,52,e
126,94,81,e
141,119,99,e
143,123,102,e
144,126,103,e
145,126,103,e
